md 0 0 0 0 0 0 1 1 1
md -52 0 0 0 0 0 1 1 1
md -52 0 17.963 0 0 0 1 1 1
md -52 0 -17.963 0 0 0 1 1 -1
md -41.0524 5.29057 -32.5646 0 0 0 1 1 1
md -41.0524 4.78017 31.3486 0 0 0 1 1 1
md 26.8434 19.6481 15.9765 0 0 0 1 1 1
md 1 19.6481 42.2026 0 1.57079633 0 1 1 1
md 0.165022 24.7261 15.0567 0 0 0 1 1 1
md 34.012 4.6761 4.5668 0 0 0 1 1 1
md 21.012 4.6761 4.5668 0 0 0 1 1 1
md 0.155203 10.8388 -11.2551 0 0 0 1 1 1
md -11.147 10.8388 17.4775 0 0 0 1 1 1
md 0.155203 7.06324 -7.73678 0 0 0 1 1 1
md 0.155203 7.06324 -14.7368 0 0 0 1 1 1
md -7.95832 5.81097 18.9644 0 0 0 1 1 1
md -14.3025 5.81097 16.0061 0 0 0 1 1 1
md -0.004893 10.25 0.99867 0 0 0 1 1 1
md -48.3445 10.25 25.9987 0 0 0 1 1 1
md -48.3445 10.25f32 -26.0013 0 0 0 1 1 1
md -0.004893 19.6256 4.69599 0 0 0 1 1 1
md -48.3412 18.52 31.5465 0 0 0 1 1 1
md -48.3412 18.52 -20.4535 0 0 0 1 1 1